Delivery Route
============================================================

Algorithm: GREEDY
Total Distance: 28378.33 km
Estimated Time: 45862.5 minutes
Number of Stops: 252
Deliveries: 100

Route:
------------------------------------------------------------
  1. (0.000000, 0.000000)
  2. (18.994049, 72.825203)
  3. (19.004049, 72.835203)
  4. (18.994049, 72.825203)
  5. (19.064049, 72.895203)
  6. (19.065838, 72.832658)
  7. (19.105838, 72.872658)
  8. (19.091458, 72.827808)
  9. (19.101458, 72.837808)
 10. (19.176269, 72.836721)
 11. (19.221315, 72.862381)
 12. (19.206269, 72.866721)
 13. (19.221315, 72.862381)
 14. (19.241315, 72.882381)
 15. (19.181300, 72.836191)
 16. (19.221300, 72.876191)
 17. (18.927584, 72.832585)
 18. (18.937584, 72.842585)
 19. (18.927584, 72.832585)
 20. (18.937584, 72.842585)
 21. (18.927584, 72.832585)
 22. (19.064049, 72.895203)
 23. (19.017584, 72.922585)
 24. (18.569156, 73.774723)
 25. (18.659156, 73.864723)
 26. (18.563934, 73.915367)
 27. (18.593934, 73.945367)
 28. (18.573935, 73.925367)
 29. (18.546258, 73.904337)
 30. (18.563934, 73.915367)
 31. (18.593934, 73.945367)
 32. (18.546258, 73.904337)
 33. (18.606258, 73.964337)
 34. (18.534080, 73.898520)
 35. (18.644080, 74.008520)
 36. (19.880256, 75.323503)
 37. (19.940256, 75.383503)
 38. (21.175104, 72.804342)
 39. (21.245047, 72.868590)
 40. (21.215104, 72.844342)
 41. (21.185047, 72.808590)
 42. (21.245047, 72.868590)
 43. (21.173493, 72.801953)
 44. (21.245047, 72.868590)
 45. (21.233493, 72.861953)
 46. (21.185047, 72.808590)
 47. (21.173493, 72.801953)
 48. (21.245047, 72.868590)
 49. (21.223493, 72.851953)
 50. (21.160437, 72.774209)
 51. (21.250437, 72.864209)
 52. (21.160522, 72.771477)
 53. (21.290522, 72.901477)
 54. (21.157735, 72.768778)
 55. (21.149669, 72.772629)
 56. (21.149569, 72.772697)
 57. (21.173493, 72.801953)
 58. (21.167735, 72.778778)
 59. (21.173493, 72.801953)
 60. (21.149669, 72.772629)
 61. (21.215104, 72.844342)
 62. (21.229669, 72.852629)
 63. (21.160437, 72.774209)
 64. (21.173493, 72.801953)
 65. (21.149569, 72.772697)
 66. (21.215104, 72.844342)
 67. (21.229569, 72.852697)
 68. (22.308096, 73.167753)
 69. (22.380526, 73.240937)
 70. (22.358096, 73.217753)
 71. (22.322790, 73.180283)
 72. (22.312790, 73.170283)
 73. (22.322790, 73.180283)
 74. (22.310526, 73.170937)
 75. (22.380526, 73.240937)
 76. (22.310526, 73.170937)
 77. (22.420526, 73.280937)
 78. (22.732225, 75.874765)
 79. (22.792225, 75.934765)
 80. (22.760072, 75.892574)
 81. (22.870072, 76.002574)
 82. (22.751234, 75.889490)
 83. (22.771234, 75.909490)
 84. (22.744648, 75.894377)
 85. (22.870072, 76.002574)
 86. (22.854648, 76.004377)
 87. (22.728163, 75.884212)
 88. (22.792225, 75.934765)
 89. (22.778163, 75.934212)
 90. (22.744648, 75.894377)
 91. (22.727021, 75.884167)
 92. (22.771234, 75.909490)
 93. (22.757021, 75.914167)
 94. (23.211529, 77.419399)
 95. (23.221529, 77.429399)
 96. (26.849596, 75.800512)
 97. (26.899596, 75.850512)
 98. (26.892312, 75.806896)
 99. (26.912312, 75.826896)
100. (26.913483, 75.803139)
101. (26.933483, 75.823139)
102. (26.921411, 75.793604)
103. (26.961378, 75.839034)
104. (27.061411, 75.933604)
105. (26.956431, 75.776649)
106. (26.953987, 75.792891)
107. (26.966431, 75.786649)
108. (26.911378, 75.789034)
109. (26.961378, 75.839034)
110. (26.913987, 75.752891)
111. (26.953987, 75.792891)
112. (27.160934, 78.044095)
113. (27.240934, 78.124095)
114. (27.160934, 78.044095)
115. (27.180934, 78.064095)
116. (30.327968, 78.046106)
117. (30.406322, 78.110453)
118. (30.437968, 78.156106)
119. (30.366322, 78.070453)
120. (30.406322, 78.110453)
121. (30.332735, 78.054222)
122. (30.406322, 78.110453)
123. (30.442735, 78.164222)
124. (30.914057, 75.839820)
125. (30.944057, 75.869820)
126. (30.895204, 75.822103)
127. (31.025204, 75.952103)
128. (30.885915, 75.788259)
129. (30.944057, 75.869820)
130. (30.955915, 75.858259)
131. (23.374989, 85.335486)
132. (23.464989, 85.425486)
133. (23.369746, 85.339820)
134. (23.464989, 85.425486)
135. (23.499746, 85.469820)
136. (23.359407, 85.325055)
137. (23.374989, 85.335486)
138. (23.399407, 85.365055)
139. (23.369746, 85.339820)
140. (23.355164, 85.324097)
141. (23.425164, 85.394097)
142. (22.569358, 88.433452)
143. (22.599358, 88.463452)
144. (17.410371, 78.437225)
145. (17.500371, 78.527225)
146. (17.429585, 78.392621)
147. (17.500371, 78.527225)
148. (17.559585, 78.522621)
149. (17.450851, 78.379347)
150. (17.494114, 78.417554)
151. (17.480851, 78.409347)
152. (17.429585, 78.392621)
153. (17.494114, 78.417554)
154. (17.499585, 78.462621)
155. (17.424114, 78.347554)
156. (17.494114, 78.417554)
157. (12.975377, 77.696664)
158. (13.065377, 77.786664)
159. (12.980410, 77.640489)
160. (13.040410, 77.700489)
161. (12.970324, 77.645748)
162. (13.030324, 77.705748)
163. (12.970221, 77.645396)
164. (12.980410, 77.640489)
165. (12.980221, 77.655396)
166. (12.972532, 77.608179)
167. (13.042532, 77.678179)
168. (12.934365, 77.616155)
169. (12.954365, 77.636155)
170. (12.933284, 77.615428)
171. (12.993284, 77.675428)
172. (12.308500, 76.665808)
173. (12.348500, 76.705808)
174. (12.308500, 76.665808)
175. (12.348500, 76.705808)
176. (12.310972, 76.659264)
177. (12.344747, 76.685861)
178. (12.330972, 76.679264)
179. (12.297954, 76.665169)
180. (12.427954, 76.795169)
181. (12.299524, 76.642620)
182. (12.369524, 76.712620)
183. (12.334022, 76.618203)
184. (12.464022, 76.748203)
185. (12.334022, 76.618203)
186. (12.414022, 76.698203)
187. (12.334022, 76.618203)
188. (12.354022, 76.638203)
189. (12.321214, 76.621094)
190. (12.414022, 76.698203)
191. (12.391214, 76.691094)
192. (12.284747, 76.625861)
193. (12.427954, 76.795169)
194. (12.414747, 76.755861)
195. (12.299524, 76.642620)
196. (12.284747, 76.625861)
197. (12.344747, 76.685861)
198. (11.026117, 76.944652)
199. (11.070375, 77.012950)
200. (11.066117, 76.984652)
201. (11.022298, 76.998349)
202. (11.152298, 77.128349)
203. (11.000762, 76.981876)
204. (11.003008, 76.975440)
205. (11.060910, 76.980432)
206. (11.020762, 77.001876)
207. (10.994136, 76.963303)
208. (11.003008, 76.975440)
209. (11.113008, 77.085440)
210. (11.003008, 76.975440)
211. (11.000762, 76.981876)
212. (11.060910, 76.980432)
213. (11.023008, 76.995440)
214. (10.994136, 76.963303)
215. (11.064136, 77.033303)
216. (11.010375, 76.952950)
217. (11.064136, 77.033303)
218. (11.070375, 77.012950)
219. (11.020910, 76.940432)
220. (11.070375, 77.012950)
221. (11.060910, 76.980432)
222. (10.035573, 76.336958)
223. (10.045573, 76.346958)
224. (12.975996, 80.221898)
225. (13.085996, 80.331898)
226. (13.054347, 80.257221)
227. (13.184347, 80.387221)
228. (13.064181, 80.236442)
229. (13.144181, 80.316442)
230. (13.049645, 80.242268)
231. (13.097018, 80.324791)
232. (13.109645, 80.302268)
233. (13.027018, 80.254791)
234. (13.097018, 80.324791)
235. (13.022394, 80.242439)
236. (13.051615, 80.301598)
237. (13.062394, 80.282439)
238. (12.981615, 80.231598)
239. (13.062394, 80.282439)
240. (13.051615, 80.301598)
241. (12.972793, 80.249982)
242. (13.102793, 80.379982)
243. (15.303897, 73.914336)
244. (15.523150, 73.793460)
245. (15.413897, 74.024336)
246. (15.513150, 73.783460)
247. (15.523150, 73.793460)
248. (15.574828, 73.766883)
249. (15.704828, 73.896883)
250. (-27.165108, 78.015053)
251. (27.180934, 78.064095)
252. (27.225108, 78.075053)
